-0.05592600 -0.07924600
-0.03120038 0.31998159
-0.01493237 0.71964316
-0.00712925 1.11955957
-0.01352308 1.51941552
-0.03838168 1.91862614
-0.07565657 2.31686935
-0.08538439 2.71654986
-0.10143722 3.11621404
-0.16223303 3.51020698
-0.25234365 3.89992486
-0.35406109 4.28584045
-0.50840051 4.65484694
-0.65090048 5.02858510
-0.78141620 5.40667517
-0.89981506 5.78873297
-1.00597675 6.17437029
-1.14495830 6.54940970
-1.28201107 6.92519672
-1.41643193 7.30193321
-1.54821430 7.67960073
-1.67735173 8.05818080
-1.80092546 8.43860109
-1.92533553 8.81875992
-2.05363554 9.19762362
-2.18581200 9.57515240
-2.34125695 9.94211998
-2.63265447 10.21063003
-3.00977376 10.33963156
-3.40608156 10.33683860
-3.75802553 10.15462138
-3.95710286 9.81691595
-3.89643938 9.42942375
-3.70732242 9.07703869
-3.50881043 8.72979629
-3.29850051 8.38956984
-3.07808559 8.05580199
-2.86156863 7.71946936
-2.64250413 7.38479044
-2.42090473 7.05178453
-2.19678320 6.72047083
-1.97003178 6.39095224
-1.74225433 6.06214050
-1.51596366 5.73230378
-1.29116438 5.40144881
-1.10801172 5.04706387
-1.00673147 4.66087259
-0.97018377 4.26266367
-0.92771509 3.86493387
-0.87587944 3.46831611
-0.81633480 3.07277463
-0.75648475 2.67727754
-0.69710664 2.28170931
-0.63820056 1.88607052
-0.57943340 1.49041235
-0.50773030 1.09693048
-0.41724068 0.70733973
-0.30817276 0.32253653
-0.23099200 -0.06905300
